10000100001000010000100001000010000100001000010000100001000010000100001000010000100001000010000100001000010000100001000010000100001000010000100001000010000100001000010000100001000010000100001000010000100001000010000100001000010000100001000010000100001000010000100001000010000100001000010000100001000010000100001000010000100001000010000
10000100001000010000100001000010000100001000010000100001000010000100001000010000100001000010000100001000010000100001000010000100001000010000100001000010000100001000010000100001000010000100001000010000100001000010000100001000010000100001000010000100001000010000100001000010000100001000010000100001000010000100001000010000100001000010000
10000100001000010000100001000010000100001000010000100001000010000100001000010000100001000010000100001000010000100001000010000100001000010000100001000010000100001000010000100001000010000100001000010000100001000010000100001000010000100001000010000100001000010000100001000010000100001000010000100001000010000100001000010000100001000010000
10000100001000010000100001000010000100001000010000100001000010000100001000010000100001000010000100001000010000100001000010000100001000010000100001000010000100001000010000100001000010000100001000010000100001000010000100001000010000100001000010000100001000010000100001000010000100001000010000100001000010000100001000010000100001000010000
10000100001000010000100001000010000100001000010000100001000010000100001000010000100001000010000100001000010000100001000010000100001000010000100001000010000100001000010000100001000010000100001000010000100001000010000100001000010000100001000010000100001000010000100001000010000100001000010000100001000010000100001000010000100001000010000
10000100001000010000100001000010000100001000010000100001000010000100001000010000100001000010000100001000010000100001000010000100001000010000100001000010000100001000010000100001000010000100001000010000100001000010000100001000010000100001000010000100001000010000100001000010000100001000010000100001000010000100001000010000100001000010000
10000100001000010000100001000010000100001000010000100001000010000100001000010000100001000010000100001000010000100001000010000100001000010000100001000010000100001000010000100001000010000100001000010000100001000010000100001000010000100001000010000100001000010000100001000010000100001000010000100001000010000100001000010000100001000010000
10000100001000010000100001000010000100001000010000100001000010000100001000010000100001000010000100001000010000100001000010000100001000010000100001000010000100001000010000100001000010000100001000010000100001000010000100001000010000100001000010000100001000010000100001000010000100001000010000100001000010000100001000010000100001000010000
10000100001000010000100001000010000100001000010000100001000010000100001000010000100001000010000100001000010000100001000010000100001000010000100001000010000100001000010000100001000010000100001000010000100001000010000100001000010000100001000010000100001000010000100001000010000100001000010000100001000010000100001000010000100001000010000
10000100001000010000100001000010000100001000010000100001000010000100001000010000100001000010000100001000010000100001000010000100001000010000100001000010000100001000010000100001000010000100001000010000100001000010000100001000010000100001000010000100001000010000100001000010000100001000010000100001000010000100001000010000100001000010000
10000100001000010000100001000010000100001000010000100001000010000100001000010000100001000010000100001000010000100001000010000100001000010000100001000010000100001000010000100001000010000100001000010000100001000010000100001000010000100001000010000100001000010000100001000010000100001000010000100001000010000100001000010000100001000010000
10000100001000010000100001000010000100001000010000100001000010000100001000010000100001000010000100001000010000100001000010000100001000010000100001000010000100001000010000100001000010000100001000010000100001000010000100001000010000100001000010000100001000010000100001000010000100001000010000100001000010000100001000010000100001000010000
10000100001000010000100001000010000100001000010000100001000010000100001000010000100001000010000100001000010000100001000010000100001000010000100001000010000100001000010000100001000010000100001000010000100001000010000100001000010000100001000010000100001000010000100001000010000100001000010000100001000010000100001000010000100001000010000
10000100001000010000100001000010000100001000010000100001000010000100001000010000100001000010000100001000010000100001000010000100001000010000100001000010000100001000010000100001000010000100001000010000100001000010000100001000010000100001000010000100001000010000100001000010000100001000010000100001000010000100001000010000100001000010000
10000100001000010000100001000010000100001000010000100001000010000100001000010000100001000010000100001000010000100001000010000100001000010000100001000010000100001000010000100001000010000100001000010000100001000010000100001000010000100001000010000100001000010000100001000010000100001000010000100001000010000100001000010000100001000010000
10000100001000010000100001000010000100001000010000100001000010000100001000010000100001000010000100001000010000100001000010000100001000010000100001000010000100001000010000100001000010000100001000010000100001000010000100001000010000100001000010000100001000010000100001000010000100001000010000100001000010000100001000010000100001000010000
10000100001000010000100001000010000100001000010000100001000010000100001000010000100001000010000100001000010000100001000010000100001000010000100001000010000100001000010000100001000010000100001000010000100001000010000100001000010000100001000010000100001000010000100001000010000100001000010000100001000010000100001000010000100001000010000
10000100001000010000100001000010000100001000010000100001000010000100001000010000100001000010000100001000010000100001000010000100001000010000100001000010000100001000010000100001000010000100001000010000100001000010000100001000010000100001000010000100001000010000100001000010000100001000010000100001000010000100001000010000100001000010000
10000100001000010000100001000010000100001000010000100001000010000100001000010000100001000010000100001000010000100001000010000100001000010000100001000010000100001000010000100001000010000100001000010000100001000010000100001000010000100001000010000100001000010000100001000010000100001000010000100001000010000100001000010000100001000010000
10000100001000010000100001000010000100001000010000100001000010000100001000010000100001000010000100001000010000100001000010000100001000010000100001000010000100001000010000100001000010000100001000010000100001000010000100001000010000100001000010000100001000010000100001000010000100001000010000100001000010000100001000010000100001000010000
010000100001000010000100001000010000100001000010000100001000010000100001000010000100001000010000100001000010000100001000010000100001000010000100001000010000100001000010000100001000010000100001000010000100001000001000010000100001000010000100001000010000100001000010000100001000010000100001000010000100001000010000100001000010000
10000100001000010000100001000010000100001000010000100001000010000100001000010000100001000010000100001000010000100001000010000100001000010000100001000010000100001000010000100001000010000100001000010000100001000010000100001000010000100001000010000100001000010000100001000010000100001000010000100001000010000100001000010000100001000010000
10000100001000010000100001000010000100001000010000100001000010000100001000010000100001000010000100001000010000100001000010000100001000010000100001000010000100001000010000100001000010000100001000010000100001000010000100001000010000100001000010000100001000010000100001000010000100001000010000100001000010000100001000010000100001000010000
10000100001000010000100001000010000100001000010000100001000010000100001000010000100001000010000100001000010000100001000010000100001000010000100001000010000100001000010000100001000010000100001000010000100001000010000100001000010000100001000010000100001000010000100001000010000100001000010000100001000010000100001000010000100001000010000
10000100001000010000100001000010000100001000010000100001000010000100001000010000100001000010000100001000010000100001000010000100001000010000100001000010000100001000010000100001000010000100001000010000100001000010000100001000010000100001000010000100001000010000100001000010000100001000010000100001000010000100001000010000100001000010000
10000100001000010000100001000010000100001000010000100001000010000100001000010000100001000010000100001000010000100001000010000100001000010000100001000010000100001000010000100001000010000100001000010000100001000010000100001000010000100001000010000100001000010000100001000010000100001000010000100001000010000100001000010000100001000010000
10000100001000010000100001000010000100001000010000100001000010000100001000010000100001000010000100001000010000100001000010000100001000010000100001000010000100001000010000100001000010000100001000010000100001000010000100001000010000100001000010000100001000010000100001000010000100001000010000100001000010000100001000010000100001000010000
10000100001000010000100001000010000100001000010000100001000010000100001000010000100001000010000100001000010000100001000010000100001000010000100001000010000100001000010000100001000010000100001000010000100001000010000100001000010000100001000010000100001000010000100001000010000100001000010000100001000010000100001000010000100001000010000
10000100001000010000100001000010000100001000010000100001000010000100001000010000100001000010000100001000010000100001000010000100001000010000100001000010000100001000010000100001000010000100001000010000100001000010000100001000010000100001000010000100001000010000100001000010000100001000010000100001000010000100001000010000100001000010000
10000100001000010000100001000010000100001000010000100001000010000100001000010000100001000010000100001000010000100001000010000100001000010000100001000010000100001000010000100001000010000100001000010000100001000010000100001000010000100001000010000100001000010000100001000010000100001000010000100001000010000100001000010000100001000010000
10000100001000010000100001000010000100001000010000100001000010000100001000010000100001000010000100001000010000100001000010000100001000010000100001000010000100001000010000100001000010000100001000010000100001000010000100001000010000100001000010000100001000010000100001000010000100001000010000100001000010000100001000010000100001000010000
10000100001000010000100001000010000100001000010000100001000010000100001000010000100001000010000100001000010000100001000010000100001000010000100001000010000100001000010000100001000010000100001000010000100001000010000100001000010000100001000010000100001000010000100001000010000100001000010000100001000010000100001000010000100001000010000
10000100001000010000100001000010000100001000010000100001000010000100001000010000100001000010000100001000010000100001000010000100001000010000100001000010000100001000010000100001000010000100001000010000100001000010000100001000010000100001000010000100001000010000100001000010000100001000010000100001000010000100001000010000100001000010000
10000100001000010000100001000010000100001000010000100001000010000100001000010000100001000010000100001000010000100001000010000100001000010000100001000010000100001000010000100001000010000100001000010000100001000010000100001000010000100001000010000100001000010000100001000010000100001000010000100001000010000100001000010000100001000010000
10000100001000010000100001000010000100001000010000100001000010000100001000010000100001000010000100001000010000100001000010000100001000010000100001000010000100001000010000100001000010000100001000010000100001000010000100001000010000100001000010000100001000010000100001000010000100001000010000100001000010000100001000010000100001000010000
10000100001000010000100001000010000100001000010000100001000010000100001000010000100001000010000100001000010000100001000010000100001000010000100001000010000100001000010000100001000010000100001000010000100001000010000100001000010000100001000010000100001000010000100001000010000100001000010000100001000010000100001000010000100001000010000
10000100001000010000100001000010000100001000010000100001000010000100001000010000100001000010000100001000010000100001000010000100001000010000100001000010000100001000010000100001000010000100001000010000100001000010000100001000010000100001000010000100001000010000100001000010000100001000010000100001000010000100001000010000100001000010000
10000100001000010000100001000010000100001000010000100001000010000100001000010000100001000010000100001000010000100001000010000100001000010000100001000010000100001000010000100001000010000100001000010000100001000010000100001000010000100001000010000100001000010000100001000010000100001000010000100001000010000100001000010000100001000010000
10000100001000010000100001000010000100001000010000100001000010000100001000010000100001000010000100001000010000100001000010000100001000010000100001000010000100001000010000100001000010000100001000010000100001000010000100001000010000100001000010000100001000010000100001000010000100001000010000100001000010000100001000010000100001000010000
10000100001000010000100001000010000100001000010000100001000010000100001000010000100001000010000100001000010000100001000010000100001000010000100001000010000100001000010000100001000010000100001000010000100001000010000100001000010000100001000010000100001000010000100001000010000100001000010000100001000010000100001000010000100001000010000
10000100001000010000100001000010000100001000010000100001000010000100001000010000100001000010000100001000010000100001000010000100001000010000100001000010000100001000010000100001000010000100001000010000100001000010000100001000010000100001000010000100001000010000100001000010000100001000010000100001000010000100001000010000100001000010000
